15.019764598574174
15.014442663352321
15.021006908778732
15.00933546311647
15.016149343868406
15.024873189559333
15.024435609035844
15.008860435606998
15.010326842708345
15.015454293378205
15.01327193193842
15.0126533795228
15.019772264824642
15.35541782911633
15.34021233576334
15.346587869619071
15.34854737520373
15.356861683415271
15.352803845374927
15.358230151209778
15.357013456349984
15.375031217983183
15.354409991190236
15.36411173026763
15.349218485365625
15.357086526124869
15.358968393692905
15.360975876843254
15.3437061292574
15.353333720187061
15.337880016729049
15.359827768454885
15.339868981197792
15.345212200167664
15.37051283629191
15.34734286262094
15.362768684750778
15.349662044185823
15.349961638227112
15.358846065082595
15.361976315168514
15.364124031150304
15.347004154571813
15.361150438498616
15.360738556418157
15.360007043655953
15.339162762115095
15.365373138856606
15.346264053252517
15.338580106535849
15.376134589534116
15.358240503978575
15.3469752412295
15.359196825400996
15.353851440818294
15.35132751040269
15.361109935169598
7.1167211419016505
11.252101177011797
5.1557124867675475
5.5353167817581825
4.978345832245616
9.819998903283606
6.9666297326231685
11.607919306282703
10.194042008716314
6.259137038531272
6.893264799404993
4.873586854392528
11.763811240588415
11.452962736496751
4.944458165494824
8.173143086497749
9.157840965756272
5.2057956426547465
10.050065487693965
5.725332786984341
8.92152189383328
7.756141425138904
11.306088025057122
11.2394205999688
11.177894816273426
5.38077212670452
5.0115583193258395
10.44910712328708
8.504913364977643
11.53927588099788
7.344175037346085
10.865609158498698
7.9242168610022565
11.105772278582057
5.322539264713195
5.319765961490296
6.600294450472009
11.160019873319845
6.478345584160781
5.3770118595989755
5.181149416493344
5.0284238126842355
6.373523723547601
6.669020249269854
11.281008974970158
11.62250313602664
5.712385162667225
6.741464080215128
8.080094523390269
5.579402259829219
7.279789827882857
5.1453274971025795
11.782877148818665
5.287356721665377
11.254137712626834
11.008937537955726
8.948945136077118
11.690769411215518
9.305187935959731
6.225386451676646
11.030934928897338
7.88437977715082
10.996293186127643
5.327123630994876
9.534494566892523
9.037859606983416
6.88370802538561
12.008103418056821
5.265723960422815
7.492385810360103
4.720121930291544
5.8731231181276
5.215495594676605
7.370569130933581
5.172626584698247
5.344193836993905
6.057418842190951
11.103519464570002
4.947847039822759
11.440965728949672
8.104951568368088
9.740327432327168
10.61506216513232
5.257337121227294
11.272039433543261
5.068671224187783
8.794047375281915
5.050633569383591
5.692522025316166
8.270015411976619
8.767966386537404
4.9597965003080065
10.641360506411445
5.864589288314482
10.846172279769483
11.333084958442155
11.996678425988316
5.502640908655299
8.844659765625337
11.991638303069053
9.956029077149303
5.633638437172887
6.0092017274652765
11.644317870651406
11.558624889563507
9.732610685725389
5.381834548627325
5.089089779031681
10.068270408302189
5.241880070632499
4.641099397837233
11.026322411161681
10.639029363447955
5.170796518634145
5.520271050673956
5.179703464763893
9.374001322355298
5.126733857497422
5.025298995944868
5.025791017155293
8.432076022328419
11.012768356691728
8.11880651509541
5.996515417792938
7.604724654790714
5.460510925063467
5.202474060656898
11.9913965254338
11.026951192376318
8.266393411374459
4.904205022582324
9.739610052043398
5.192897475392832
6.082210711269505
9.80045190923188
5.491828047481577
9.889614945206135
10.072776342298155
5.557128919269116
4.993773724271677